                  Infinity   0.0000000000000000        0.0000000000000000       5.84218746030781600E-018
                  Infinity   0.0000000000000000        0.0000000000000000       5.84218746030781600E-018
                  Infinity   0.0000000000000000        0.0000000000000000       5.84218746030781600E-018
                  Infinity   0.0000000000000000        0.0000000000000000       5.84218746030781600E-018
                  Infinity   0.0000000000000000        0.0000000000000000       5.84218746030781600E-018
                  Infinity   0.0000000000000000        0.0000000000000000       5.84218746030781600E-018
                  Infinity   0.0000000000000000        0.0000000000000000       5.84218746030781600E-018
                  Infinity   0.0000000000000000        0.0000000000000000       5.84218746030781600E-018
                  Infinity   0.0000000000000000        0.0000000000000000       5.84218746030781600E-018
                  Infinity   0.0000000000000000        0.0000000000000000       5.84218746030781600E-018
                  Infinity   0.0000000000000000        0.0000000000000000       5.84218746030781600E-018
                  Infinity   0.0000000000000000        0.0000000000000000       5.84218746030781600E-018
                  Infinity   0.0000000000000000        0.0000000000000000       5.84218746030781600E-018
                  Infinity   0.0000000000000000        0.0000000000000000       5.84218746030781600E-018
                  Infinity   0.0000000000000000        0.0000000000000000       5.84218746030781600E-018
                  Infinity   0.0000000000000000        0.0000000000000000       5.84218746030781600E-018
                  Infinity   0.0000000000000000        0.0000000000000000       5.84218746030781600E-018
                  Infinity   0.0000000000000000        0.0000000000000000       5.84218746030781600E-018
                  Infinity   0.0000000000000000        0.0000000000000000       5.84218746030781600E-018
                  Infinity   0.0000000000000000        0.0000000000000000       5.84218746030781600E-018
                  Infinity   0.0000000000000000        0.0000000000000000       5.84218746030781600E-018
                  Infinity   0.0000000000000000        0.0000000000000000       5.84218746030781600E-018
                  Infinity   0.0000000000000000        0.0000000000000000       5.84218746030781600E-018
                  Infinity   0.0000000000000000        0.0000000000000000       5.84218746030781600E-018
                  Infinity   0.0000000000000000        0.0000000000000000       5.84218746030781600E-018
                  Infinity   0.0000000000000000        0.0000000000000000       5.84218746030781600E-018
                  Infinity   0.0000000000000000        0.0000000000000000       5.84218746030781600E-018
   5.1428786782539184        23.224289633561011       2.68638995203356875E-022  3.73291183410174110E-014
   5.1419382873565063        23.263190056596095       2.69221134045239448E-022  3.73290929000568102E-014
   5.1420000161018082        23.260707389647319       2.69182907206636041E-022  3.73290979441538373E-014
   5.1429844141278638        23.219982428252255       2.68573589290485735E-022  3.73291170270653491E-014
   5.1420135562911886        23.259661812733938       2.69174620454322439E-022  3.73291125818629952E-014
   5.1424077698302790        23.243788969859956       2.68930387314820770E-022  3.73291109933730882E-014
   5.1431432136809931        23.213313710505695       2.68475485429400755E-022  3.73291284258371852E-014
   5.1429475576738373        23.221592415209308       2.68596406463634352E-022  3.73291203174720709E-014
   5.1421080671911854        23.256170642002747       2.69116068197195613E-022  3.73291152154244950E-014
   5.1419960436146610        23.260544423707174       2.69185452707697121E-022  3.73291094924691644E-014
   5.1423850000721680        23.244921217462803       2.68944435880270200E-022  3.73291038261422958E-014
   5.1424238002692686        23.243280255538409       2.68920408750675408E-022  3.73291037562073974E-014
   5.1421881802476372        23.253060103593068       2.69066358434833574E-022  3.73291053274236612E-014
   5.1430589239477937        23.216854980660131       2.68527514078219698E-022  3.73291168487124623E-014
   5.1425931169315229        23.236298732809725       2.68815711590829716E-022  3.73291211609470599E-014
   5.1422132407987879        23.252056564876987       2.69050855181986265E-022  3.73291084516822600E-014
   5.1419849383088314        23.261616772163688       2.69192238428998444E-022  3.73290959465344368E-014
   5.1417619503296743        23.270991218346712       2.69330502627407254E-022  3.73290976482457756E-014
   5.1422565507913447        23.250327574865715       2.69023941336682774E-022  3.73290967819159590E-014
   5.1420084962177546        23.260217138441405       2.69177765501187335E-022  3.73291138033261395E-014
   5.1430646455146096        23.216940739209100       2.68524018049252001E-022  3.73291226366587234E-014
   5.1431311252725598        23.214252480363527       2.68482894811071719E-022  3.73291195792953400E-014
   5.1418697856662519        23.266563180434407       2.69263615690996469E-022  3.73290948112316146E-014
   5.1422609170847569        23.250269176623153       2.69021235728542021E-022  3.73290966543929271E-014
   5.1421011316163883        23.256561516104799       2.69120237635993744E-022  3.73290974175175040E-014
   5.1432488183283560        23.209439248312215       2.68410204019513556E-022  3.73291276111799036E-014
   5.1421507642375577        23.254922639160231       2.69089467802663553E-022  3.73290952488764104E-014
   4.6706513104097649        8.3988667400161763       4.81796970304937574E-021  2.25691589447623514E-013
   4.6705186590132977        8.4031085877213911       4.81944286840693405E-021  2.25691651940954860E-013
   4.6705280158643916        8.4028347165753914       4.81933911795861870E-021  2.25691655831098721E-013
   4.6706662463916464        8.3984639774263172       4.81780366427729536E-021  2.25691573283817168E-013
   4.6705327965843857        8.4027292383157963       4.81928674524218499E-021  2.25691687598716146E-013
   4.6705844358401096        8.4011121761061922       4.81871263164381590E-021  2.25691635317390080E-013
   4.6706915924967340        8.3977289715258898       4.81752260899900851E-021  2.25691578487353877E-013
   4.6706631993203676        8.3986558279763557       4.81783772843579080E-021  2.25691585540836076E-013
   4.6705469996593836        8.4023728143879044       4.81912902157263934E-021  2.25691682104752987E-013
   4.6705317503291877        8.4028816464596527       4.81929825293624462E-021  2.25691682802151894E-013
   4.6705854572468661        8.4011990887642511       4.81870095020506030E-021  2.25691618997752504E-013
   4.6705911289412700        8.4010425119459651       4.81863790884702862E-021  2.25691613767924715E-013
   4.6705606625888816        8.4020342073873380       4.81897665869543526E-021  2.25691646736489745E-013
   4.6706838518145464        8.3981418543934012       4.81760807877215748E-021  2.25691559912950719E-013
   4.6706173345433877        8.4002789923433525       4.81834756016505770E-021  2.25691632606393344E-013
   4.6705641296783034        8.4019944682548129       4.81893829627378247E-021  2.25691651823115601E-013
   4.6705339788986509        8.4029772442479018       4.81927282914449696E-021  2.25691650312316711E-013
   4.6705010864752827        8.4040458570146370       4.81963859378636256E-021  2.25691685463091632E-013
   4.6705722472192868        8.4018080086745321       4.81884747914009524E-021  2.25691616902097794E-013
   4.6705394059818772        8.4028735821977687       4.81921344547167837E-021  2.25691689610194071E-013
   4.6706879037526212        8.3981770645437237       4.81756340325433186E-021  2.25691572666255528E-013
   4.6706980202692527        8.3978792183440945       4.81745083199896070E-021  2.25691556195913561E-013
   4.6705200101731821        8.4035617948905177       4.81942810281708172E-021  2.25691662639055045E-013
   4.6705762357772498        8.4017982013483596       4.81880317556967411E-021  2.25691614677087994E-013
   4.6705561792582042        8.4024588032643948       4.81902617219201200E-021  2.25691635765152099E-013
   4.6707153926841860        8.3974197117114091       4.81725822824292499E-021  2.25691560762637823E-013
   4.6705629355040053        8.4022908294003642       4.81895097170776176E-021  2.25691624885932808E-013
   4.6036078790517969        6.7486758602284187       1.01083465585857739E-020  4.05777537332770733E-013
   4.6035553103550964        6.7504232892353038       1.01095736974195952E-020  4.05777678261786751E-013
   4.6035593639090902        6.7503125986649950       1.01094793662453830E-020  4.05777679371142732E-013
   4.6036148533272536        6.7485145374011237       1.01081835231163261E-020  4.05777508902232443E-013
   4.6035619669396839        6.7502714323994448       1.01094197787393411E-020  4.05777719730208379E-013
   4.6035827155155173        6.7496134252886408       1.01089345036530116E-020  4.05777627188714050E-013
   4.6036259326141540        6.7482177357476987       1.01079255521892742E-020  4.05777504713646447E-013
   4.6036150763714261        6.7485963210917861       1.01081787618235125E-020  4.05777526165874974E-013
   4.6035689991385800        6.7501298176429181       1.01092557336835316E-020  4.05777705590496382E-013
   4.6035633326602259        6.7503379954667455       1.01093878233049817E-020  4.05777713126761279E-013
   4.6035848952144436        6.7496532611142825       1.01088831958032189E-020  4.05777604235518642E-013
   4.6035874884173325        6.7495903145552258       1.01088225969329413E-020  4.05777594674023084E-013
   4.6035758101040178        6.7499952944716073       1.01090958530836782E-020  4.05777651797897125E-013
   4.6036253546111272        6.7483920701131836       1.01079384446125231E-020  4.05777482223309685E-013
   4.6035988933474563        6.7492816923843204       1.01085574767865258E-020  4.05777608417022965E-013
   4.6035782348707803        6.7499816007757270       1.01090395358748447E-020  4.05777656777637049E-013
   4.6035666795162538        6.7503829438511129       1.01093087793261494E-020  4.05777667485395416E-013
   4.6035540408344477        6.7508191894399268       1.01096045084972371E-020  4.05777728792831381E-013
   4.6035824919661170        6.7499080702564846       1.01089391810461645E-020  4.05777606070952753E-013
   4.6035698713290607        6.7503430907471529       1.01092357293039532E-020  4.05777717549822939E-013
   4.6036294066248926        6.7484121147420497       1.01078444987866061E-020  4.05777496750762544E-013
   4.6036337499440281        6.7482915331842346       1.01077427508961894E-020  4.05777470205183582E-013
   4.6035632581875872        6.7506258798940966       1.01093889673860624E-020  4.05777689466094964E-013
   4.6035858085978463        6.7499079988763864       1.01088618489170941E-020  4.05777600764085010E-013
   4.6035782351928649        6.7501779694484103       1.01090390481227374E-020  4.05777637500163995E-013
   4.6036419982211498        6.7481073573393253       1.01075507386550319E-020  4.05777468431711125E-013
   4.6035815958286959        6.7501110266492983       1.01089603813805581E-020  4.05777619766755629E-013
   4.5663838394799159        6.4375309103945453       1.58557908102360078E-020  5.84213713170537943E-013
   4.5663562704433698        6.4384582477720720       1.58568028305840367E-020  5.84213914406341148E-013
   4.5663587295773080        6.4383995749428751       1.58567130096513941E-020  5.84213913147067818E-013
   4.5663884577086389        6.4374459570497171       1.58556211519951288E-020  5.84213674452761654E-013
   4.5663607105048687        6.4383783497152738       1.58566419491900169E-020  5.84213959786264320E-013
   4.5663720722510392        6.4380276777718723       1.58562237597829786E-020  5.84213835875396866E-013
   4.5663952571526742        6.4372886380259091       1.58553725842854358E-020  5.84213662318660124E-013
   4.5663897643715474        6.4374909738838078       1.58555739943765932E-020  5.84213694613291008E-013
   4.5663656448599870        6.4383041678831576       1.58564612013821029E-020  5.84213938075171277E-013
   4.5663629201079905        6.4384155499743150       1.58565610215850815E-020  5.84213950486928622E-013
   4.5663747147138647        6.4380505832382422       1.58561264843236608E-020  5.84213806450115375E-013
   4.5663763919081193        6.4380173086695383       1.58560648923673256E-020  5.84213793275243020E-013
   4.5663704569477952        6.4382336380249718       1.58562836313299701E-020  5.84213868896157022E-013
   4.5663970140277925        6.4373837907153311       1.58553077002780590E-020  5.84213634921950329E-013
   4.5663831918638547        6.4378587236218952       1.58558168789071687E-020  5.84213802507335458E-013
   4.5663726274602334        6.4382271607811958       1.58562044982138624E-020  5.84213873061613111E-013
   4.5663667595840236        6.4384415319426482       1.58564192754842639E-020  5.84213892888708605E-013
   4.5663603114371929        6.4386745131476211       1.58566569087033999E-020  5.84213974119843441E-013
   4.5663756150598589        6.4381939570110331       1.58560936901115391E-020  5.84213809304054590E-013
   4.5663693307506890        6.4384209997074695       1.58563269696281722E-020  5.84213950701017747E-013
   4.5664012119886319        6.4373962020831801       1.58551548262212649E-020  5.84213649114503637E-013
   4.5664038173890393        6.4373320877535489       1.58550587689695000E-020  5.84213614478643245E-013
   4.5663666769871982        6.4385725367994349       1.58564230463077343E-020  5.84213920711477303E-013
   4.5663788324394963        6.4381949925106960       1.58559759810011952E-020  5.84213800350754230E-013
   4.5663750811892596        6.4383392313905743       1.58561142585568672E-020  5.84213848978990424E-013
   4.5664093644939747        6.4372345822144599       1.58548560517716269E-020  5.84213606855565934E-013
   4.5663774494169376        6.4383038836336945       1.58560271550016975E-020  5.84213825410244101E-013
   4.5391406266363150        6.5062903299858839       2.19829969521173685E-020  7.60724715271973521E-013
   4.5391244984295227        6.5068563011324780       2.19838205745823991E-020  7.60724965604339925E-013
   4.5391261535900522        6.5068203536734455       2.19837366937399149E-020  7.60724962233594681E-013
   4.5391439563246365        6.5062380773991135       2.19828270268584782E-020  7.60724667354897781E-013
   4.5391277266692303        6.5068071275004318       2.19836585559658646E-020  7.60725013809097309E-013
   4.5391346561228589        6.5065928998983527       2.19833034586435747E-020  7.60724863748966685E-013
   4.5391485860627672        6.5061416055651451       2.19825921278005422E-020  7.60724648137440153E-013
   4.5391455367282960        6.5062649581818857       2.19827476578532793E-020  7.60724689040887528E-013
   4.5391314591383978        6.5067612135770778       2.19834687887043565E-020  7.60724984973101023E-013
   4.5391300498967757        6.5068290312144921       2.19835405890221911E-020  7.60725001101184162E-013
   4.5391372392210512        6.5066060466084954       2.19831716661537057E-020  7.60724827742187107E-013
   4.5391384382640743        6.5065855456609114       2.19831104993937083E-020  7.60724811355486535E-013
   4.5391351307231789        6.5067174177104432       2.19832805417377432E-020  7.60724902042622372E-013
   4.5391510629197898        6.5061984344970822       2.19824657980644063E-020  7.60724614931469896E-013
   4.5391430863944242        6.5064881626835396       2.19828753707896080E-020  7.60724816515755246E-013
   4.5391370398243893        6.5067128639472500       2.19831839888615842E-020  7.60724904897890307E-013
   4.5391337743428064        6.5068435061050156       2.19833500609737877E-020  7.60724931849627520E-013
   4.5391301655312191        6.5069855167018940       2.19835355513461255E-020  7.60725029325146161E-013
   4.5391394377154128        6.5066919225144098       2.19830604366894145E-020  7.60724829607845824E-013
   4.5391359276264458        6.5068303090179818       2.19832429083722358E-020  7.60724995632776134E-013
   4.5391550175518862        6.5062044875520142       2.19822659879619030E-020  7.60724627341767558E-013
   4.5391567729751054        6.5061651118775545       2.19821759339207697E-020  7.60724585756871891E-013
   4.5391349918467263        6.5069220773502998       2.19832893364857421E-020  7.60724963121517532E-013
   4.5391424021268607        6.5066913432816484       2.19829100065482333E-020  7.60724816510848505E-013
   4.5391403942315067        6.5067791422484662       2.19830133242233014E-020  7.60724874742795803E-013
   4.5391609123595931        6.5061045806517521       2.19819660338092126E-020  7.60724572511965955E-013
   4.5391422244695665        6.5067570267427852       2.19829198476391895E-020  7.60724845874018244E-013
   4.5169700978208089        6.7149356921780505       2.84386005184219996E-020  9.35143627013902331E-013
   4.5169597753161144        6.7153097540692288       2.84392853453689060E-020  9.35143918927833767E-013
   4.5169610966914391        6.7152858093096706       2.84391986544650390E-020  9.35143913592379067E-013
   4.5169729913477781        6.7149005936349218       2.84384093269107119E-020  9.35143570542135499E-013
   4.5169625975534782        6.7152766768543817       2.84391020622834605E-020  9.35143969150707878E-013
   4.5169673695668537        6.7151348018901702       2.84387843232427277E-020  9.35143796422972314E-013
   4.5169767242030092        6.7148361625284867       2.84381641091330954E-020  9.35143544743981924E-013
   4.5169749588016703        6.7149174848270796       2.84382811689901473E-020  9.35143592716071133E-013
   4.5169659694630155        6.7152453854556704       2.84388801708600002E-020  9.35143933374362825E-013
   4.5169652757331207        6.7152899660056873       2.84389261771388282E-020  9.35143952405734299E-013
   4.5169702123049138        6.7151422341511928       2.84385968716382790E-020  9.35143753609726665E-013
   4.5169712243127824        6.7151283940606987       2.84385300144442432E-020  9.35143734252194806E-013
   4.5169692838562012        6.7152153066775497       2.84386602249748526E-020  9.35143837668927796E-013
   4.5169799425662971        6.7148718300102992       2.84379521559592671E-020  9.35143504909851082E-013
   4.5169749421579679        6.7150631062452169       2.84382866005816146E-020  9.35143735486523975E-013
   4.5169712052794573        6.7152113573110714       2.84385344400314883E-020  9.35143838795234770E-013
   4.5169692888822643        6.7152974079733658       2.84386609244547815E-020  9.35143871492174214E-013
   4.5169671461084926        6.7153909705545525       2.84388046210753324E-020  9.35143982708831630E-013
   4.5169734389100791        6.7151964799484265       2.84383855630202581E-020  9.35143752823481597E-013
   4.5169713583852049        6.7152876429405994       2.84385274913277495E-020  9.35143939975792814E-013
   4.5169840791088500        6.7148734554201424       2.84376815807235450E-020  9.35143514367586213E-013
   4.5169854462860561        6.7148470350633218       2.84375906043892461E-020  9.35143466571809057E-013
   4.5169713984378062        6.7153471773692104       2.84385237875944670E-020  9.35143904429146891E-013
   4.5169764676161046        6.7151942043215618       2.84381866997622961E-020  9.35143735105284993E-013
   4.5169753674905548        6.7152518597278412       2.84382607527665784E-020  9.35143801372121348E-013
   4.5169890188587400        6.7148054161054791       2.84373561010810909E-020  9.35143447751768093E-013
   4.5169769941461766        6.7152364054448048       2.84381532071891355E-020  9.35143767505421088E-013
   4.4980284256884797        6.9779640567171883       3.51776223083333404E-020  1.10737549134756791E-012
   4.4980214500943445        6.9782253203409041       3.51781977549723832E-020  1.10737581944357871E-012
   4.4980225576210833        6.9782081554062598       3.51781078150723968E-020  1.10737581222008345E-012
   4.4980310056220789        6.9779382665457925       3.51774112824223474E-020  1.10737542671084241E-012
   4.4980239783244107        6.9782009249264476       3.51779946052318118E-020  1.10737587101616036E-012
   4.4980274809649501        6.9781012272539664       3.51777047629409559E-020  1.10737567809704742E-012
   4.4980341643323953        6.9778918771687612       3.51771544113183601E-020  1.10737539461035694E-012
   4.4980331272211860        6.9779482951199334       3.51772401284984265E-020  1.10737544852721832E-012
   4.4980270738718540        6.9781772061770857       3.51777425098340210E-020  1.10737582833193893E-012
   4.4980267800586153        6.9782079094620473       3.51777669862574361E-020  1.10737584966295732E-012
   4.4980303954761691        6.9781040663541596       3.51774671042426967E-020  1.10737562819933041E-012
   4.4980312854757507        6.9780938986801795       3.51773943105820193E-020  1.10737560601997892E-012
   4.4980301247398433        6.9781541831008473       3.51774919645535123E-020  1.10737572046315388E-012
   4.4980377115224703        6.9779133958288346       3.51768655960824297E-020  1.10737534739886797E-012
   4.4980344254610189        6.9780466857592218       3.51771398910936604E-020  1.10737560334677312E-012
   4.4980320172949249        6.9781498582983268       3.51773386384232846E-020  1.10737571948488437E-012
   4.4980308727457841        6.9782095069323615       3.51774325349289945E-020  1.10737575692241993E-012
   4.4980295701625543        6.9782744097284581       3.51775419546514719E-020  1.10737588005761866E-012
   4.4980341247731834        6.9781377967497367       3.51771648826818855E-020  1.10737562337932212E-012
   4.4980328640591782        6.9782010271935633       3.51772735339175817E-020  1.10737582910813302E-012
   4.4980418808866869        6.9779107078143889       3.51765280631283249E-020  1.10737535289053925E-012
   4.4980430145483075        6.9778916500257733       3.51764345407086511E-020  1.10737529939219026E-012
   4.4980334456456417        6.9782409288262262       3.51772251870904221E-020  1.10737579010039701E-012
   4.4980371492467928        6.9781333146707505       3.51769191816352843E-020  1.10737560057729730E-012
   4.4980365687691153        6.9781730598532059       3.51769685228299025E-020  1.10737567372829826E-012
   4.4980462293058547        6.9778601589356031       3.51761733797133088E-020  1.10737527492850337E-012
   4.4980380646528335        6.9781610190925996       3.51768461303540204E-020  1.10737563503436016E-012
   4.4813218115347624        7.2599107499784710       4.21690810188713690E-020  1.27736775278159631E-012
   4.4813169318667008        7.2601007704177487       4.21695667183314219E-020  1.27736811298340766E-012
   4.4813179088348765        7.2600877116118374       4.21694715562367436E-020  1.27736810390955320E-012
   4.4813242049551993        7.2598903158670254       4.21688462282535625E-020  1.27736768022784459E-012
   4.4813192858462152        7.2600813371945687       4.21693398781445073E-020  1.27736816533564783E-012
   4.4813219979268180        7.2600080370725779       4.21690695660470166E-020  1.27736795408276263E-012
   4.4813270142637407        7.2598547711714980       4.21685721899769726E-020  1.27736764197745019E-012
   4.4813264358984597        7.2598953121750593       4.21686302951906251E-020  1.27736770098004133E-012
   4.4813222212527419        7.2600616923574375       4.21690532170187770E-020  1.27736811570171541E-012
   4.4813221809774628        7.2600834713234850       4.21690578923261792E-020  1.27736813886463755E-012
   4.4813249735438436        7.2600071020234216       4.21687787504405549E-020  1.27736789681557440E-012
   4.4813257903216144        7.2599990706271305       4.21686986215302689E-020  1.27736787191115575E-012
   4.4813251204062627        7.2600424067563187       4.21687677673038664E-020  1.27736799607547601E-012
   4.4813307897140762        7.2598661357792613       4.21682037835212728E-020  1.27736758671892507E-012
   4.4813285788511488        7.2599627167131402       4.21684276456435450E-020  1.27736786528153478E-012
   4.4813270045541005        7.2600372952879102       4.21685847094320343E-020  1.27736799265750392E-012
   4.4813263458592640        7.2600801393059911       4.21686500337407273E-020  1.27736803407043256E-012
   4.4813255718558223        7.2601268064630480       4.21687295994991791E-020  1.27736816772869305E-012
   4.4813290427544343        7.2600264726170955       4.21683833124994622E-020  1.27736788679398340E-012
   4.4813282979769644        7.2600719127421875       4.21684629677696730E-020  1.27736810913981864E-012
   4.4813350021410336        7.2598594706737627       4.21677947973726182E-020  1.27736758735989473E-012
   4.4813359929702248        7.2598448539344345       4.21676966509086032E-020  1.27736752852940299E-012
   4.4813292276852268        7.2600988848750907       4.21683712827749645E-020  1.27736806631598221E-012
   4.4813320807537744        7.2600196792250689       4.21680874002664433E-020  1.27736785847683485E-012
   4.4813318283725510        7.2600479497594890       4.21681145182034491E-020  1.27736793762512123E-012
   4.4813389970853290        7.2598190086557661       4.21674039702771798E-020  1.27736749829854220E-012
   4.4813332489800919        7.2600376982957240       4.21679751501275708E-020  1.27736789420228547E-012
   4.4663585367831153        7.5444869352136736       4.93784125425114449E-020  1.44509254488574151E-012
   4.4663550416718580        7.5446294745420346       4.93788232271651199E-020  1.44509293399628541E-012
   4.4663559345557866        7.5446189924210501       4.93787213343894355E-020  1.44509292308254377E-012
   4.4663608131009038        7.5444695968080069       4.93781509858660670E-020  1.44509246456417375E-012
   4.4663572865088961        7.5446128765256120       4.93785697903789340E-020  1.44509298662023583E-012
   4.4663594791541152        7.5445569628744620       4.93783126952960892E-020  1.44509275847772606E-012
   4.4663633978038524        7.5444407879489948       4.93778555978434395E-020  1.44509242022891456E-012
   4.4663631239090504        7.5444706394132588       4.93778889052891782E-020  1.44509248363357574E-012
   4.4663601242878190        7.5445953113143931       4.93782452038905843E-020  1.44509292994012570E-012
   4.4663602529679540        7.5446110120713934       4.93782314144043245E-020  1.44509295455662391E-012
   4.4663625046443993        7.5445527321794730       4.93779664863110518E-020  1.44509269354553836E-012
   4.4663632751521627        7.5445459547503466       4.93778779399781148E-020  1.44509266597659385E-012
   4.4663629308258201        7.5445778751572146       4.93779216279943469E-020  1.44509279882095587E-012
   4.4663673372627688        7.5444443036834574       4.93774055119027151E-020  1.44509235629857950E-012
   4.4663658376391178        7.5445163285017909       4.93775862293336342E-020  1.44509265529370568E-012
   4.4663648153430762        7.5445717556272589       4.93777071539558944E-020  1.44509279265175280E-012
   4.4663644791689432        7.5446032741224318       4.93777469058916343E-020  1.44509283743299037E-012
   4.4663640557084703        7.5446376613927395       4.93777999404535119E-020  1.44509298050240115E-012
   4.4663668137169958        7.5445612715687709       4.93774760047447024E-020  1.44509267728811525E-012
   4.4663664112722365        7.5445947270396552       4.93775298726763884E-020  1.44509291468431613E-012
   4.4663715917472846        7.5444338400209796       4.93769216263744238E-020  1.44509235128239248E-012
   4.4663724903490909        7.5444220219034657       4.93768172774817253E-020  1.44509228739752327E-012
   4.4663675766468796        7.5446126257647999       4.93773957701979293E-020  1.44509286773351286E-012
   4.4663698705322421        7.5445521134966054       4.93771272885878070E-020  1.44509264304045934E-012
   4.4663698366763800        7.5445725931147765       4.93771340228201496E-020  1.44509272747379652E-012
   4.4663753635486634        7.5443992605695929       4.93764893764648056E-020  1.44509225123498383E-012
   4.4663712114505714        7.5445631978556831       4.93769760743995914E-020  1.44509267937005130E-012
   4.4527123791729215        7.8240928202493381       5.67882493050855025E-020  1.61053756666069195E-012
   4.4527098525654232        7.8242023768566105       5.67885943331403782E-020  1.61053798209455662E-012
   4.4527107028533015        7.8241935993971206       5.67884826991480469E-020  1.61053796933319582E-012
   4.4527146208058355        7.8240773675009283       5.67879530872293750E-020  1.61053747865240295E-012
   4.4527120681667078        7.8241874876136350       5.67883064694013677E-020  1.61053803452752889E-012
   4.4527139186126483        7.8241435239149535       5.67880559066296535E-020  1.61053779065141824E-012
   4.4527170965921368        7.8240529696951677       5.67876275789680895E-020  1.61053742823812801E-012
   4.4527170476627154        7.8240753157174092       5.67876363479530860E-020  1.61053749548290833E-012
   4.4527148998777042        7.8241710056579175       5.67879339446363024E-020  1.61053797066795594E-012
   4.4527151601056376        7.8241824043886101       5.67879008255800957E-020  1.61053799642194683E-012
   4.4527170547076338        7.8241365787689778       5.67876432640084784E-020  1.61053771775250340E-012
   4.4527178085465628        7.8241305744387395       5.67875436285564867E-020  1.61053768755454525E-012
   4.4527177036191441        7.8241544922794795       5.67875623086225693E-020  1.61053782822241988E-012
   4.4527212556382034        7.8240504101597317       5.67870811707723073E-020  1.61053735504352881E-012
   4.4527202609086540        7.8241053333008796       5.67872224390030965E-020  1.61053767268987781E-012
   4.4527196338392914        7.8241474117091077       5.67873095921901911E-020  1.61053781900819978E-012
   4.4527195347739363        7.8241709773090324       5.67873242259477208E-020  1.61053786666032196E-012
   4.4527193680141233        7.8241967673576687       5.67873513752760485E-020  1.61053801822652128E-012
   4.4527216503514975        7.8241368706225440       5.67870415220098503E-020  1.61053769431985939E-012
   4.4527214986980219        7.8241619351779494       5.67870702074334082E-020  1.61053794547541590E-012
   4.4527256452793447        7.8240366689076328       5.67865067942263625E-020  1.61053734362074657E-012
   4.4527264954484425        7.8240266906680054       5.67863932065972614E-020  1.61053727489479192E-012
   4.4527228716365395        7.8241732543758253       5.67868888754386350E-020  1.61053789411710110E-012
   4.4527247953983258        7.8241256069924239       5.67866288557745473E-020  1.61053765373918896E-012
   4.4527249272022082        7.8241405910142934       5.67866147642242193E-020  1.61053774286720505E-012
   4.4527293388433380        7.8240056799946593       5.67860199273487071E-020  1.61053723260956013E-012
   4.4527263006319151        7.8241316017665694       5.67864333196524612E-020  1.61053769009634606E-012
