                  Infinity   0.0000000000000000        0.0000000000000000       1.61378215460084034E-017
                  Infinity   0.0000000000000000        0.0000000000000000       1.61378215460084034E-017
                  Infinity   0.0000000000000000        0.0000000000000000       1.61378215460084034E-017
                  Infinity   0.0000000000000000        0.0000000000000000       1.61378215460084034E-017
                  Infinity   0.0000000000000000        0.0000000000000000       1.61378215460084034E-017
                  Infinity   0.0000000000000000        0.0000000000000000       1.61378215460084034E-017
                  Infinity   0.0000000000000000        0.0000000000000000       1.61378215460084034E-017
                  Infinity   0.0000000000000000        0.0000000000000000       1.61378215460084034E-017
                  Infinity   0.0000000000000000        0.0000000000000000       1.61378215460084034E-017
                  Infinity   0.0000000000000000        0.0000000000000000       1.61378215460084034E-017
                  Infinity   0.0000000000000000        0.0000000000000000       1.61378215460084034E-017
                  Infinity   0.0000000000000000        0.0000000000000000       1.61378215460084034E-017
                  Infinity   0.0000000000000000        0.0000000000000000       1.61378215460084034E-017
                  Infinity   0.0000000000000000        0.0000000000000000       1.61378215460084034E-017
                  Infinity   0.0000000000000000        0.0000000000000000       1.61378215460084034E-017
                  Infinity   0.0000000000000000        0.0000000000000000       1.61378215460084034E-017
                  Infinity   0.0000000000000000        0.0000000000000000       1.61378215460084034E-017
                  Infinity   0.0000000000000000        0.0000000000000000       1.61378215460084034E-017
                  Infinity   0.0000000000000000        0.0000000000000000       1.61378215460084034E-017
                  Infinity   0.0000000000000000        0.0000000000000000       1.61378215460084034E-017
                  Infinity   0.0000000000000000        0.0000000000000000       1.61378215460084034E-017
                  Infinity   0.0000000000000000        0.0000000000000000       1.61378215460084034E-017
                  Infinity   0.0000000000000000        0.0000000000000000       1.61378215460084034E-017
                  Infinity   0.0000000000000000        0.0000000000000000       1.61378215460084034E-017
                  Infinity   0.0000000000000000        0.0000000000000000       1.61378215460084034E-017
                  Infinity   0.0000000000000000        0.0000000000000000       1.61378215460084034E-017
   4.6464641658502464       0.13296115049701990       1.45435986792551819E-021  6.44371090690725198E-014
   4.6464651294582913       0.13296107985109229       1.45435663944630499E-021  6.44371089997616229E-014
   4.6464660929139896       0.13296100817078377       1.45435341169833823E-021  6.44371089399279622E-014
   4.6464670560811427       0.13296093691614136       1.45435018610008940E-021  6.44371089322113753E-014
   4.6464680192314480       0.13296086605821711       1.45434695960778609E-021  6.44371088820656459E-014
   4.6464689822386065       0.13296079619971835       1.45434373336282503E-021  6.44371088213226115E-014
   4.6464699451602245       0.13296072509314819       1.45434050771054615E-021  6.44371087738305596E-014
   4.6464709078785580       0.13296065490073561       1.45433728271940329E-021  6.44371087251526795E-014
   4.6464718705374208       0.13296058419898976       1.45433405792446981E-021  6.44371086760275341E-014
   4.6464728330788487       0.13296051349160792       1.45433083352964827E-021  6.44371086268893631E-014
   4.6464737955024242       0.13296044285066227       1.45432760953630319E-021  6.44371085777367275E-014
   4.6464747577930847       0.13296037238825814       1.45432438603082006E-021  6.44371085301623691E-014
   4.6464756929865088       0.13296017727801324       1.45432125328307084E-021  6.44371084830363992E-014
   4.6464766564089803       0.13296008428584433       1.45431802729206959E-021  6.44371084926399035E-014
   4.6464774440935468       0.13296002582890537       1.45431538847124531E-021  6.44371084434146801E-014
   4.6464784055647277       0.13295995493074628       1.45431216769332040E-021  6.44371083939039143E-014
   4.6464793669263678       0.13295988410328360       1.45430894728263986E-021  6.44371083440962086E-014
   4.6464803281768887       0.13295981327487313       1.45430572724473754E-021  6.44371082940024178E-014
   4.6464812893202678       0.13295974252840298       1.45430250756243317E-021  6.44371082434517945E-014
   4.6464822502829728       0.13295967251176030       1.45429928845293008E-021  6.44371081911581041E-014
   4.6464832112299455       0.13295960250761121       1.45429606914766675E-021  6.44371081275405742E-014
   4.6464841720602594       0.13295953146168704       1.45429285060581760E-021  6.44371080801240511E-014
   4.6464851327678227       0.13295946075510454       1.45428963244708199E-021  6.44371080311541535E-014
   4.6464860933746763       0.13295939009853405       1.45428641461655249E-021  6.44371079814685256E-014
   4.6464870538087331       0.13295931895124805       1.45428319796235599E-021  6.44371079579508276E-014
   4.6464880144346479       0.13295924848226809       1.45427997876816954E-021  6.44371078500408531E-014
   4.6059907597226371        1.2967539518694413       7.07434570547414762E-021  2.85546629722866973E-013
   4.6059912867900641        1.2967533452981963       7.07433710608284511E-021  2.85546629163988632E-013
   4.6059918145128167        1.2967527409802768       7.07432849649673627E-021  2.85546628624061280E-013
   4.6059923429022129        1.2967521394160064       7.07431987865769261E-021  2.85546628188905713E-013
   4.6059928719635455        1.2967515394732962       7.07431124776595516E-021  2.85546627668264482E-013
   4.6059934016909514        1.2967509422919017       7.07430260550501541E-021  2.85546627126232121E-013
   4.6059939320540222        1.2967503472141431       7.07429395355767419E-021  2.85546626610739262E-013
   4.6059944630621841        1.2967497546272204       7.07428529105162067E-021  2.85546626092771172E-013
   4.6059949947159948        1.2967491638205775       7.07427661801421659E-021  2.85546625573798440E-013
   4.6059955270012960        1.2967485755093986       7.07426793469792277E-021  2.85546625054699489E-013
   4.6059960598934140        1.2967479892404836       7.07425924150472593E-021  2.85546624535477401E-013
   4.6059965934322884        1.2967474046841843       7.07425053786348403E-021  2.85546624019335732E-013
   4.6059971288837618        1.2967467867256830       7.07424180305945431E-021  2.85546623502423631E-013
   4.6059976638526061        1.2967461995860121       7.07423307898299732E-021  2.85546623100761204E-013
   4.6059981991990799        1.2967456213137039       7.07422434588507070E-021  2.85546622582807958E-013
   4.6059987351331317        1.2967450450753373       7.07421560316566752E-021  2.85546622062384226E-013
   4.6059992716443849        1.2967444718859154       7.07420685103833579E-021  2.85546621541285734E-013
   4.6059998263208657        1.2967434194975251       7.07419780261169406E-021  2.85546621003322986E-013
   4.6060003639995672        1.2967428495402693       7.07418903144825560E-021  2.85546620480542719E-013
   4.6060009022295505        1.2967422817396854       7.07418025122728749E-021  2.85546619954185390E-013
   4.6060014410358052        1.2967417160291144       7.07417146106377675E-021  2.85546619404956244E-013
   4.6060019803984256        1.2967411517770773       7.07416266265343700E-021  2.85546618888212769E-013
   4.6060024937396440        1.2967413144163598       7.07415428905621719E-021  2.85546618409561356E-013
   4.6060030343059033        1.2967407513475284       7.07414547093505575E-021  2.85546617887719239E-013
   4.6060035203275103        1.2967416958039626       7.07413754325429563E-021  2.85546617445086684E-013
   4.6060040618654634        1.2967411393912367       7.07412870643347539E-021  2.85546616806475736E-013
   4.5750683444626441        2.3116609627395612       1.28961744612827463E-020  4.84762754076870638E-013
   4.5750688431951758        2.3116595261329276       1.28961596204548427E-020  4.84762752903931559E-013
   4.5750693428307523        2.3116580942967371       1.28961447534720417E-020  4.84762751755178728E-013
   4.5750698433698016        2.3116566688321307       1.28961298632748846E-020  4.84762750741622267E-013
   4.5750703448568055        2.3116552511115396       1.28961149419969782E-020  4.84762749617214516E-013
   4.5750708472676980        2.3116538388452823       1.28960999925574938E-020  4.84762748464818031E-013
   4.5750713505241114        2.3116524354996622       1.28960850189344802E-020  4.84762747346490745E-013
   4.5750718546472129        2.3116510376531609       1.28960700195001415E-020  4.84762746224666116E-013
   4.5750723596693366        2.3116496465762215       1.28960549933440273E-020  4.84762745101210350E-013
   4.5750728655325172        2.3116482618948373       1.28960399422199858E-020  4.84762743977344528E-013
   4.5750733722569930        2.3116468837751416       1.28960248655265310E-020  4.84762742853045425E-013
   4.5750738798040143        2.3116455113488548       1.28960097645236589E-020  4.84762741732422087E-013
   4.5750743887612924        2.3116441283080955       1.28959946216103349E-020  4.84762740609850855E-013
   4.5750748980372924        2.3116427657282839       1.28959794732225084E-020  4.84762739636583704E-013
   4.5750754080232996        2.3116414103458540       1.28959642997650760E-020  4.84762738512789674E-013
   4.5750759188338295        2.3116400640481909       1.28959491017508752E-020  4.84762737385566157E-013
   4.5750764304066118        2.3116387227435093       1.28959338810903233E-020  4.84762736257217384E-013
   4.5750769505000317        2.3116371529967616       1.28959184066017305E-020  4.84762735097493605E-013
   4.5750774635947549        2.3116358245561659       1.28959031407130851E-020  4.84762733966440339E-013
   4.5750779774782542        2.3116345009408410       1.28958878512912278E-020  4.84762732830520621E-013
   4.5750784920963303        2.3116331820840057       1.28958725392814022E-020  4.84762731664765250E-013
   4.5750790074323993        2.3116318698206002       1.28958572070805844E-020  4.84762730540765132E-013
   4.5750795117669103        2.3116309166851239       1.28958422032532190E-020  4.84762729479820471E-013
   4.5750800285969779        2.3116296129446758       1.28958268265364820E-020  4.84762728348693898E-013
   4.5750805217710626        2.3116290497838055       1.28958121557656919E-020  4.84762727348903249E-013
   4.5750810399875688        2.3116277605230162       1.28957967338891718E-020  4.84762726066392627E-013
   4.5493756002047041        3.1698959288672746       1.91432508373516242E-020  6.78252323522607051E-013
   4.5493760952251687        3.1698936365538533       1.91432289637494700E-020  6.78252321622638515E-013
   4.5493765912195689        3.1698913527306241       1.91432070480336287E-020  6.78252319750708089E-013
   4.5493770882860325        3.1698890808548494       1.91431850895702706E-020  6.78252318037599269E-013
   4.5493775863057637        3.1698868230490791       1.91431630854176250E-020  6.78252316193553271E-013
   4.5493780854028110        3.1698845752996134       1.91431410328589391E-020  6.78252314316038467E-013
   4.5493785854261333        3.1698823396905773       1.91431189406201711E-020  6.78252312478328701E-013
   4.5493790864240484        3.1698801161921240       1.91430968053209889E-020  6.78252310636112557E-013
   4.5493795884139905        3.1698779029415856       1.91430746262545974E-020  6.78252308791567646E-013
   4.5493800913184401        3.1698757026809825       1.91430524068789014E-020  6.78252306946142240E-013
   4.5493805951657675        3.1698735130631843       1.91430301459450046E-020  6.78252305099888037E-013
   4.5493810999400202        3.1698713345876621       1.91430078442902320E-020  6.78252303257553350E-013
   4.5493816061541636        3.1698691480432766       1.91429854753478938E-020  6.78252301278968425E-013
   4.5493821127992167        3.1698669883978230       1.91429630961680584E-020  6.78252299609700076E-013
   4.5493826202536081        3.1698648377762617       1.91429406763247911E-020  6.78252297762731481E-013
   4.5493831285984481        3.1698627009964500       1.91429182171366588E-020  6.78252295911449774E-013
   4.5493836378400978        3.1698605744084807       1.91428957183980565E-020  6.78252294058498458E-013
   4.5493841521494307        3.1698583196585792       1.91428729951057246E-020  6.78252292162804461E-013
   4.5493846630213115        3.1698562127794658       1.91428504244538341E-020  6.78252290305989267E-013
   4.5493851747634073        3.1698541134116867       1.91428278153000190E-020  6.78252288443108047E-013
   4.5493856872746630        3.1698520228993665       1.91428051712665293E-020  6.78252286544675328E-013
   4.5493862005909609        3.1698499441381096       1.91427824931564838E-020  6.78252284695181167E-013
   4.5493867082300650        3.1698480791781414       1.91427600676299086E-020  6.78252282927824364E-013
   4.5493872231420811        3.1698460147256613       1.91427373189804490E-020  6.78252281069219502E-013
   4.5493877253201074        3.1698443888769439       1.91427151364826190E-020  6.78252279382074581E-013
   4.5493882417654454        3.1698423467438426       1.91426923152528314E-020  6.78252277344597264E-013
   4.5272772585195229        3.9089800912836599       2.57635662044578199E-020  8.67527472236892623E-013
   4.5272777594233506        3.9089769895815243       2.57635364083424494E-020  8.67527469505593738E-013
   4.5272782613788447        3.9089739001235793       2.57635065507951228E-020  8.67527466805316245E-013
   4.5272787644746568        3.9089708286203408       2.57634766309426806E-020  8.67527464283736624E-013
   4.5272792686121353        3.9089677757496735       2.57634466449317461E-020  8.67527461614031291E-013
   4.5272797738792239        3.9089647386420712       2.57634165908091586E-020  8.67527458906098440E-013
   4.5272802801252965        3.9089617139490764       2.57633864799637063E-020  8.67527456242537084E-013
   4.5272807874000618        3.9089587095357046       2.57633563079672187E-020  8.67527453573528978E-013
   4.5272812957385975        3.9089557202456402       2.57633260728094253E-020  8.67527450901441562E-013
   4.5272818050195367        3.9089527471402694       2.57632957817401824E-020  8.67527448227958279E-013
   4.5272823153347481        3.9089497892922069       2.57632654293100621E-020  8.67527445553083976E-013
   4.5272828265831526        3.9089468451338010       2.57632350216757960E-020  8.67527442882217440E-013
   4.5272833391677434        3.9089438988168661       2.57632045302197986E-020  8.67527440056711245E-013
   4.5272838523661090        3.9089409821912557       2.57631740127519446E-020  8.67527437580136833E-013
   4.5272843665275362        3.9089380796580162       2.57631434322241428E-020  8.67527434902683245E-013
   4.5272848815256319        3.9089351858920445       2.57631128019457278E-020  8.67527432220037261E-013
   4.5272853975418714        3.9089323192323331       2.57630821112397801E-020  8.67527429535168128E-013
   4.5272859170035931        3.9089293658930102       2.57630512146246304E-020  8.67527426797967098E-013
   4.5272864346926074        3.9089265228293062       2.57630204246079788E-020  8.67527424107964942E-013
   4.5272869532519868        3.9089236874306743       2.57629895827784733E-020  8.67527421410611056E-013
   4.5272874726553525        3.9089208615900493       2.57629586897180967E-020  8.67527418672804182E-013
   4.5272879928924734        3.9089180553264615       2.57629277488651727E-020  8.67527415989882134E-013
   4.5272885099408491        3.9089153852037128       2.57628970001118169E-020  8.67527413404680288E-013
   4.5272890317715451        3.9089125998300522       2.57628659644703026E-020  8.67527410710648251E-013
   4.5272895460487579        3.9089101012195724       2.57628353830201850E-020  8.67527408221113296E-013
   4.5272900694710341        3.9089073388538167       2.57628042470272513E-020  8.67527405324654654E-013
   4.5078823701195407        4.5559180595760012       3.27055958312568904E-020  1.05318444372373692E-012
   4.5078828775152520        4.5559141933935070       3.27055575078996984E-020  1.05318444009396257E-012
   4.5078833858984009        4.5559103471034632       3.27055191113205458E-020  1.05318443649942862E-012
   4.5078838954305676        4.5559065180041296       3.27054806343955260E-020  1.05318443310256115E-012
   4.5078844058568066        4.5559027178083138       3.27054420851628628E-020  1.05318442954394291E-012
   4.5078849174401068        4.5558989361627393       3.27054034475623587E-020  1.05318442594415588E-012
   4.5078854300724753        4.5558951754756105       3.27053647325471264E-020  1.05318442239401523E-012
   4.5078859436882297        4.5558914406510427       3.27053259433639227E-020  1.05318441883877923E-012
   4.5078864583262446        4.5558877286347936       3.27052870771595847E-020  1.05318441528083812E-012
   4.5078869739575307        4.5558840328558725       3.27052481361726027E-020  1.05318441172196361E-012
   4.5078874905925641        4.5558803551208849       3.27052091196067009E-020  1.05318440816191255E-012
   4.5078880081917259        4.5558766983270393       3.27051700306333083E-020  1.05318440460672441E-012
   4.5078885269157896        4.5558730464803947       3.27051308517073895E-020  1.05318440088128388E-012
   4.5078890463969330        4.5558694261027233       3.27050916277508212E-020  1.05318439754018829E-012
   4.5078895669249919        4.5558658262145109       3.27050523181455122E-020  1.05318439397829082E-012
   4.5078900882104120        4.5558622377837246       3.27050129513724575E-020  1.05318439041056390E-012
   4.5078906105551582        4.5558586825986618       3.27049735048075836E-020  1.05318438684072379E-012
   4.5078911354027404        4.5558550666811044       3.27049338679279398E-020  1.05318438321021193E-012
   4.5078916593401122        4.5558515374071300       3.27048943013337192E-020  1.05318437963422775E-012
   4.5078921842270301        4.5558480187849293       3.27048546630163085E-020  1.05318437604971407E-012
   4.5078927105310669        4.5558445021312375       3.27048149157209946E-020  1.05318437239084865E-012
   4.5078932378329082        4.5558409963374880       3.27047750949388806E-020  1.05318436878367172E-012
   4.5078937632046197        4.5558375905852184       3.27047354229950461E-020  1.05318436528728812E-012
   4.5078942921705192        4.5558341063980379       3.27046954765869774E-020  1.05318436166689872E-012
   4.5078948163344252        4.5558308361490223       3.27046558990740339E-020  1.05318435827936995E-012
   4.5078953468276257        4.5558273832333986       3.27046158308113545E-020  1.05318435443555252E-012
   4.4905454654352557        5.1297376105278731       3.99310995055342858E-020  1.23553978403025550E-012
   4.4905459799905865        5.1297330330789173       3.99310520446072816E-020  1.23553977937996302E-012
   4.4905464956639873        5.1297284706701731       3.99310044821393524E-020  1.23553977476689408E-012
   4.4905470123843640        5.1297239372351031       3.99309568303585587E-020  1.23553977036714423E-012
   4.4905475302578974        5.1297194379874655       3.99309090669434807E-020  1.23553976579210661E-012
   4.4905480491396235        5.1297149493015661       3.99308612094249559E-020  1.23553976117180185E-012
   4.4905485691742806        5.1297104943433709       3.99308132476779191E-020  1.23553975660469333E-012
   4.4905490903431282        5.1297060665836547       3.99307651815158141E-020  1.23553975203168489E-012
   4.4905496124559381        5.1297016562524851       3.99307170285087009E-020  1.23553974745523505E-012
   4.4905501357642397        5.1296972695270178       3.99306687655904330E-020  1.23553974287719708E-012
   4.4905506599847076        5.1296929060500425       3.99306204188020207E-020  1.23553973829728504E-012
   4.4905511852639899        5.1296885657527724       3.99305719748776584E-020  1.23553973372222318E-012
   4.4905517116453790        5.1296842330323740       3.99305234236990580E-020  1.23553972896207644E-012
   4.4905522388235033        5.1296799313902408       3.99304748127597362E-020  1.23553972461763116E-012
   4.4905527670723409        5.1296756570178994       3.99304260957008799E-020  1.23553972003388230E-012
   4.4905532961013712        5.1296713918534049       3.99303773067420274E-020  1.23553971544313532E-012
   4.4905538261940059        5.1296671649667278       3.99303284199793425E-020  1.23553971085014832E-012
   4.4905543584240508        5.1296628964173347       3.99302793345424973E-020  1.23553970618863984E-012
   4.4905548901966759        5.1296586987888384       3.99302302931849103E-020  1.23553970158785743E-012
   4.4905554228745359        5.1296545146606354       3.99301811683402523E-020  1.23553969697724479E-012
   4.4905559569368823        5.1296503446791180       3.99301319136347965E-020  1.23553969228531600E-012
   4.4905564918203096        5.1296461839293723       3.99300825852846263E-020  1.23553968764867039E-012
   4.4905570256816789        5.1296421043401157       3.99300333549168283E-020  1.23553968313428353E-012
   4.4905575623305944        5.1296379704117232       3.99299838638667025E-020  1.23553967848220018E-012
   4.4905580957977032        5.1296339961219433       3.99299346737551555E-020  1.23553967408803622E-012
   4.4905586339655255        5.1296299023009286       3.99298850353419884E-020  1.23553966919354896E-012
   4.4749194602168405        5.6438971087447189       4.73994750894784635E-020  1.41479329345200996E-012
   4.4749199886113793        5.6438917091475220       4.73994172267399928E-020  1.41479328768848808E-012
   4.4749205176808804        5.6438863462874318       4.73993592917182778E-020  1.41479328196413631E-012
   4.4749210473485004        5.6438810395349019       4.73993012991210917E-020  1.41479327646761303E-012
   4.4749215777721867        5.6438757739754113       4.73992432177896326E-020  1.41479327078341789E-012
   4.4749221088665516        5.6438705438128993       4.73991850616875966E-020  1.41479326505017151E-012
   4.4749226408861720        5.6438653493330415       4.73991268065661896E-020  1.41479325937340000E-012
   4.4749231736976318        5.6438601966095865       4.73990684648741413E-020  1.41479325369004315E-012
   4.4749237073431294        5.6438550729358434       4.73990100320823567E-020  1.41479324800237753E-012
   4.4749242418841444        5.6438499841797780       4.73989515015529135E-020  1.41479324231253612E-012
   4.4749247772258389        5.6438449279307203       4.73988928836312695E-020  1.41479323662035877E-012
   4.4749253134117133        5.6438398954071003       4.73988341738036406E-020  1.41479323093281271E-012
   4.4749258506540697        5.6438348857755347       4.73987753420879018E-020  1.41479322504657305E-012
   4.4749263885868658        5.6438299120250850       4.73987164499752829E-020  1.41479321960461259E-012
   4.4749269274778785        5.6438249706550838       4.73986574447749706E-020  1.41479321390650341E-012
   4.4749274671252861        5.6438200449536247       4.73985983568198319E-020  1.41479320820015777E-012
   4.4749280077028599        5.6438151549931019       4.73985391673384476E-020  1.41479320249135461E-012
   4.4749285499620797        5.6438102429100221       4.73984797918631475E-020  1.41479319670689776E-012
   4.4749290920859695        5.6438054000298958       4.73984204334540964E-020  1.41479319098876661E-012
   4.4749296351006320        5.6438005668981219       4.73983609775234219E-020  1.41479318525934957E-012
   4.4749301793327705        5.6437957606432123       4.73983013858609868E-020  1.41479317944239477E-012
   4.4749307242910419        5.6437909711424270       4.73982417169856852E-020  1.41479317368398158E-012
   4.4749312686864435        5.6437862429690391       4.73981821140501924E-020  1.41479316805791810E-012
   4.4749318152780919        5.6437814864206484       4.73981222664673456E-020  1.41479316228177849E-012
   4.4749323596868864        5.6437768532484567       4.73980626665823272E-020  1.41479315678591921E-012
   4.4749329078079763        5.6437721379135848       4.73980026435251624E-020  1.41479315074993987E-012
   4.4606642432408670        6.1094062563984455       5.50844761513582719E-020  1.59108531320457831E-012
   4.4606647807685249        6.1094002266031238       5.50844077318837857E-020  1.59108530623516099E-012
   4.4606653190250629        6.1093942304369273       5.50843392214772273E-020  1.59108529930708897E-012
   4.4606658579331988        6.1093883000869393       5.50842706368892642E-020  1.59108529262105835E-012
   4.4606663976345553        6.1093824059594848       5.50842019448849417E-020  1.59108528573593046E-012
   4.4606669381570851        6.1093765610450843       5.50841331470155483E-020  1.59108527879891414E-012
   4.4606674795220167        6.1093707519623131       5.50840642444458865E-020  1.59108527192141484E-012
   4.4606680217759003        6.1093649792478155       5.50839952289700382E-020  1.59108526503693500E-012
   4.4606685649642275        6.1093592436881519       5.50839260948885989E-020  1.59108525814750237E-012
   4.4606691087679824        6.1093535463126445       5.50838568827502301E-020  1.59108525125559002E-012
   4.4606696537910802        6.1093478829778487       5.50837875159498283E-020  1.59108524436098105E-012
   4.4606701996249916        6.1093422408291103       5.50837180465486144E-020  1.59108523747073941E-012
   4.4606707463723048        6.1093366268429810       5.50836484540737603E-020  1.59108523036934761E-012
   4.4606712940739923        6.1093310540767432       5.50835787569364582E-020  1.59108522373870295E-012
   4.4606718424762422        6.1093255123503898       5.50835089616296920E-020  1.59108521683647629E-012
   4.4606723917888473        6.1093199816204864       5.50834390506166418E-020  1.59108520992470332E-012
   4.4606729420368607        6.1093145029732518       5.50833690209617210E-020  1.59108520301036419E-012
   4.4606734937873762        6.1093090123403115       5.50832987979842513E-020  1.59108519601389791E-012
   4.4606740455116451        6.1093035695517353       5.50832285808931579E-020  1.59108518908871637E-012
   4.4606745981925719        6.1092981470149859       5.50831582421188494E-020  1.59108518215093124E-012
   4.4606751519711150        6.1092927601962410       5.50830877609957727E-020  1.59108517512002003E-012
   4.4606757066808278        6.1092873769323219       5.50830171639818596E-020  1.59108516815041248E-012
   4.4606762609378876        6.1092820650929482       5.50829466293763463E-020  1.59108516132253008E-012
   4.4606768171764486        6.1092767284288332       5.50828758379492665E-020  1.59108515433311664E-012
   4.4606773719055521        6.1092714970321866       5.50828052484701812E-020  1.59108514764435124E-012
   4.4606779295694272        6.1092662079007276       5.50827342668926316E-020  1.59108514037891534E-012
   4.4475740029537372        6.5336356343055453       6.29583264723725972E-020  1.76452240936331074E-012
   4.4475745534403490        6.5336289033689372       6.29582463753419105E-020  1.76452240110263096E-012
   4.4475751039879468        6.5336222086443421       6.29581662711039847E-020  1.76452239288488197E-012
   4.4475756551746226        6.5336156019252147       6.29580860834475811E-020  1.76452238492286327E-012
   4.4475762066381996        6.5336090455238649       6.29580058482646071E-020  1.76452237675099474E-012
   4.4475767587983857        6.5336025463536451       6.29579255102571120E-020  1.76452236852469546E-012
   4.4475773114737560        6.5335960992602402       6.29578450998944151E-020  1.76452236036079561E-012
   4.4475778650199107        6.5335896938205433       6.29577645631278201E-020  1.76452235218924737E-012
   4.4475784192165424        6.5335833247864112       6.29576839319686662E-020  1.76452234401212455E-012
   4.4475789739950438        6.5335770165813445       6.29576032164762418E-020  1.76452233583260056E-012
   4.4475795297204268        6.5335707412897088       6.29575223637059144E-020  1.76452232764980823E-012
   4.4475800862615209        6.5335644941975577       6.29574413929247472E-020  1.76452231947079174E-012
   4.4475806436256073        6.5335582770803704       6.29573602949988249E-020  1.76452231106912533E-012
   4.4475812016571661        6.5335521164087726       6.29572791180992545E-020  1.76452230316302936E-012
   4.4475817605791317        6.5335459761438397       6.29571978020140391E-020  1.76452229497068791E-012
   4.4475823203110654        6.5335398666789821       6.29571163682303938E-020  1.76452228676749557E-012
   4.4475828808525399        6.5335337995907947       6.29570348171052537E-020  1.76452227856170536E-012
   4.4475834426844214        6.5335277404975205       6.29569530758871568E-020  1.76452227026801429E-012
   4.4475840047269397        6.5335217182928869       6.29568713069253769E-020  1.76452226204956939E-012
   4.4475845675859214        6.5335157304913416       6.29567894192286920E-020  1.76452225381756810E-012
   4.4475851314947468        6.5335097724462221       6.29567073759339120E-020  1.76452224548702266E-012
   4.4475856961781330        6.5335038323474439       6.29566252227437758E-020  1.76452223722038864E-012
   4.4475862606604801        6.5334979428009339       6.29565431041642258E-020  1.76452222910399008E-012
   4.4475868268861003        6.5334920563760903       6.29564607268494572E-020  1.76452222081569688E-012
   4.4475873919772955        6.5334862432120362       6.29563785254710733E-020  1.76452221284635189E-012
   4.4475879595314405        6.5334803976160858       6.29562959453893687E-020  1.76452220426667262E-012
