# time (s)
# rate = scaling parameter
# emissions (mol m^{-2} s^{-1})
#time            0             3600         7200         10800         14400         18000        21600       25200        28800     32400     36000     39600     43200     46800     50400     54000     57600     61200     64800     68400     72000     75600     79200     82800     90000    93600    97200    100800    104400    108000
#rate      0    0      0    0.5    0.5     0.5     0.5     0.5    0.5  0.5    0.5   0.5   0    0    0   0   0     0      0     0     0     0     0     0	0	0	0	0	0	0     
#SO2    4.234E-09   5.481E-09   5.089E-09   5.199E-09   5.221E-09   5.284E-09   5.244E-09   5.280E-09   5.560E-09   5.343E-09   4.480E-09   3.858E-09   3.823E-09   3.607E-09   3.533E-09   3.438E-09   2.866E-09   2.667E-09   2.636E-09   2.573E-09   2.558E-09   2.573E-09   2.715E-09   3.170E-09   4.234E-09   5.481E-09   5.089E-09   5.199E-09   5.221E-09   5.284E-09 
time    0    60   120
rate    0    1    1
SO2     0   4.234E-09  4.234E-09

